546950
016013
201642
065168
167007
832610
296353
551816
972077
651857
452070
932596
127986
153884
591478
403074
308873
231860
862205
476073
494105
760703
784760
443733
148844
059985
151853
990881
961007
537363
426450
742700
380699
112080
836502
360852
758897
143537
956941
810635
509899
022488
686890
312682
099246
814813
854525
707665
509928
368019
473672
889792
956954
331335
865781
738445
775275
084762
191551
656022
528671
289692
722184
157712
215670
496279
025637
320314
696528
214720
680704
770416
235157
370643
560112
518282
498938
834574
464749
117806
463753
334821
079612
202447
340694
736439
445444
794343
257325
645041
498273
297027
238705
604988
037031
791760
574638
442910
193464
478832
