6763
8832
8660
9806
5679
2783
4588
2536
0220
7125
5876
6734
8832
6298
8316
4136
7529
6615
5055
5083
6718
3099
4007
9728
3194
9975
2054
9015
7390
4063
9224
4373
0537
5875
8233
8152
6237
3509
5322
9095
6310
5329
2779
5411
8820
5025
0265
0394
8664
0644
5479
0423
6229
1899
4171
7572
3502
0328
2429
4270
9116
3028
9566
8611
8673
7684
2145
7156
5768
2578
9052
0245
3767
6110
7020
2959
8153
5999
7951
7984
8984
1029
6196
2205
6835
0288
8898
3696
0631
4819
1659
0631
4512
3101
5883
7954
8403
0090
5792
2069
