6194649
9473366
4137714
6210605
5315815
2685689
9171226
3364275
2809277
1595010
3544622
1217751
7488538
7026166
6351604
2100129
8018392
8048431
0474415
6859434
7622105
7318716
8884940
7272477
6533604
9485918
2930386
4053583
7623789
9294791
3241290
4129044
6708862
9127305
5521731
2294101
0328935
0656044
7094591
3048108
8833287
8401450
7348994
0853932
0306770
0872180
0519653
8952323
5114964
7813238
8694539
1258478
3502887
8835688
8755138
6708379
5099950
2854529
1494732
8121682
9057450
3913254
9662418
2906681
5312590
8770247
5750179
4034241
7685253
2892448
6931407
7759154
8170383
1291008
6501394
0174554
9710834
8341649
2930023
2615672
5240321
4515362
3147125
6745388
2580672
7354676
0712838
5223465
7717742
7226471
6985406
5351631
1833256
9761718
7400915
9655143
4786182
7257411
2070201
5746665
