2057
5032
1922
1074
5863
7037
3855
4894
5726
8513
0853
2605
3974
0849
2137
4952
4495
4256
1754
3616
7872
6008
8062
5075
4052
0818
7118
3909
6488
5237
2216
7395
9459
2369
2873
3949
0900
4710
8918
8290
6893
4260
1085
9849
2235
5573
3268
3164
0451
0260
9601
0723
3446
0513
0488
2905
4068
5942
4957
9888
2644
1498
9304
9134
8099
7700
3093
4555
5711
3780
6984
4089
2796
8034
6525
9345
9497
5647
9086
0177
1179
9223
1014
7117
7519
8141
3656
0482
2382
4427
8286
1649
5659
4597
6633
9388
9089
8313
1223
2599
