06532
77555
76390
44405
70936
59049
33811
14639
58599
13422
14464
57966
30719
36188
72422
87144
87148
54641
14909
08265
77376
28456
34577
02435
75766
85977
17399
19395
20665
54616
81458
44053
29798
46374
46001
00306
94239
91333
41440
29132
89484
69138
77368
95920
67364
97668
20224
84775
12639
48853
53863
12370
22407
41534
80755
76183
04754
18489
47352
06854
52017
94413
21995
24833
95746
29026
89111
94650
50659
95033
21264
74313
13290
78625
54029
50432
42624
17956
26777
07298
76452
25028
92717
63126
02979
26939
08027
75251
57170
40825
27507
29259
59346
59307
11958
33473
80372
32009
60305
72264
