65589
22122
92340
13303
95103
85776
83459
96194
97875
77178
61385
60774
33837
21761
36495
22122
25448
91188
81749
78346
41939
85429
89589
34992
41516
69595
90028
72011
46990
03626
70733
05307
27657
04671
90652
58046
39157
01843
53971
74887
27116
29564
50880
63036
75761
81378
20653
04996
02343
23594
07597
32182
66727
32425
37557
20184
82562
30764
72288
48342
72419
58270
28183
75029
80180
77854
87962
40778
04210
96859
67070
75243
37242
56357
88983
87726
62282
48302
60807
26870
47401
38262
74917
08798
15948
48146
40578
02559
31630
35155
41839
61508
28289
05281
80260
48310
18428
14380
57086
20529
