172176
532264
251031
332583
873012
491086
240275
362910
147864
767457
910914
566764
460573
737943
094223
194855
114805
628187
035932
619353
931991
557437
310508
449086
266327
796249
384936
062449
547463
105095
103211
113469
458679
209632
673560
962227
136723
264439
498279
451145
673985
989287
435228
847048
751008
315373
560172
530933
311143
669860
103505
084561
569931
669479
226180
057986
043483
987719
400684
013962
492609
567408
464154
842037
173125
882528
867293
896408
567300
833436
204936
636223
779157
091739
962334
921445
030443
746094
494900
237315
975300
640733
557948
545332
814715
990701
859670
773996
074281
175638
688158
713149
243279
944994
856819
753632
361938
220112
697146
660150
