9212
1452
3870
7552
3040
8943
6655
3556
9999
8560
4241
0543
0176
5935
3357
6895
7341
0749
8537
6879
5292
6822
0382
6818
8649
6885
8836
4435
7011
5926
7999
9740
0323
4614
8942
5813
7270
5722
5902
7234
4164
6602
7404
9565
7138
7062
9303
8634
0940
4930
7722
8301
2649
7374
5171
8661
1383
2602
5474
2350
8201
0609
9857
5700
8063
8073
3397
5158
0681
3744
3836
8770
5151
6478
8421
1461
1705
1234
2328
2026
5273
0390
1909
1449
6784
7365
1369
8591
0258
7989
8998
1745
9368
2050
2453
4800
1110
1987
8446
7859
