8957201
8822664
7627575
7136571
8549741
9320733
8714268
7753533
5615306
8030594
9791959
6156559
0637655
7993454
2634280
2460424
3775052
8047855
8567533
8422298
5644322
0747167
0827051
6824688
8221210
9020904
9877562
8881597
5131738
2431269
3323291
3272459
1277559
4910045
3530056
1591769
6155892
5463318
4284830
4668509
5423039
0705218
8324972
1264709
7937874
7520256
1296587
6874456
9420990
7367139
3240058
4010468
7369979
4790058
9199411
6535821
7947737
8157860
9616518
3966895
4545524
4493011
2135496
8906453
9973175
5074172
0520786
2156455
9529925
7940409
0035907
5871017
4694489
8915384
3977468
2154043
9391368
2965944
0823591
5983884
2926006
9606286
6534016
4142586
2573781
9655965
7846978
3557416
2677806
6519797
2215803
6459650
8032797
3515968
7832229
7390123
7977727
5865839
0983100
7593339
