6341007
2330047
4067730
1879625
1263527
0735556
8872869
1338633
4275100
7536452
7328774
4379598
7950503
3237283
2534261
9615095
8584097
2391401
6258865
0662648
1995867
5341606
3104652
1244283
2597672
9508535
2757363
1415024
1669652
7527739
3946786
3022521
3650020
7782992
0607828
2656971
1117629
7635298
4042159
6920717
3644265
0610267
8885043
8726364
4091906
4828569
9364475
7292335
0809838
5700660
4071235
7851776
2855066
5678364
8393221
3164174
8486461
4034874
1667012
6649302
4638971
4791764
4129212
3459834
5338911
9023267
6093792
7462847
9171658
3019214
1272843
7090216
3467252
1397237
2188776
5561314
7986441
9467300
0721929
5481675
0716675
0667252
8505680
2126737
3550809
8691050
6568362
6865084
6570696
0322941
6595474
4264899
2494140
2845348
8619029
3978348
8089026
1115771
2542889
8419831
