747400
456802
653510
176196
307809
120707
302423
077715
441074
309697
622311
410997
455027
478411
019381
040970
701009
042148
592185
393097
537737
036986
399698
295166
375696
277728
397111
399662
659362
976024
405312
883838
231122
578222
294192
454609
882132
494955
598028
907414
759196
274528
292445
416785
529833
453691
782220
321075
634751
310186
294429
046025
122353
903860
935630
926253
856718
077794
115347
554743
679882
543206
141882
004127
622011
198969
178977
026607
753395
903150
578494
349276
720923
718612
557238
395636
493496
101823
192243
213604
917162
334670
819987
828113
766790
523335
441101
053047
732074
320271
757949
053092
203638
521116
144954
317827
644053
100730
218097
110305
