76643
76068
09090
34282
48283
84485
96973
51152
36048
92342
60507
84471
97215
36920
56615
02135
76123
93020
87921
01702
46119
46964
62253
85997
89194
65768
37899
40639
08214
99643
52487
62750
87843
24590
53567
60563
80383
94001
63559
17638
06911
47999
36720
91209
30140
27290
62721
39086
95901
96756
24141
29151
92754
91707
00977
15184
63014
59945
37746
54214
46909
90817
15052
05160
65701
16057
01227
73438
36757
36687
97631
04485
57835
38938
94469
81956
73137
29901
75811
04379
67822
12966
49532
71145
62552
39603
83746
06348
09820
61497
02991
92165
19971
51592
06257
63864
26022
09547
31850
95001
